010000010100000
010000011001001
000100011101110
010000010100000
100100001110100
100000001100101
010000001101100
100000001100101
010000001100011
110000001101111
100100011101101
100100011101101
010000011110101
000100011101110
000000001101001
010000001100011
000100011100001
100100001110100
000000001101001
110000001101111
000100011101110
110000010101100
010000010100000
100100001001000
000100011100001
100100011101101
100100011101101
000000001101001
000100011101110
110100011100111
010000010100000
010000001100011
110000001101111
010100011100100
100000001100101
100000011110011
010000010100000
000100011100001
010100001110010
100000001100101
010000010100000
000100011100001
010000010100000
000000001100110
000100011100001
100100011101101
000000001101001
010000001101100
110000011111001
010000010100000
110000001101111
000000001100110
010000010100000
010000001101100
000000001101001
000100011101110
100000001100101
000100011100001
010100001110010
010000010100000
100000001100101
010100001110010
010100001110010
110000001101111
010100001110010
000100000101101
010000001100011
110000001101111
010100001110010
010100001110010
100000001100101
010000001100011
100100001110100
000000001101001
000100011101110
110100011100111
010000010100000
010000001100011
110000001101111
010100011100100
100000001100101
100000011110011
010000010100000
100100001110100
110100011101000
000100011100001
100100001110100
010000010100000
110100011100111
100000001100101
000100011101110
100000001100101
010100001110010
000100011100001
010000001101100
000000001101001
010000011111010
100000001100101
010000010100000
100100001110100
110100011101000
100000001100101
010000010100000
100100001001000
000100011100001
100100011101101
100100011101101
000000001101001
000100011101110
110100011100111
010100000101000
100100010110111
110000010101100
000100010110100
100000010101001
000100000101101
010000001100011
110000001101111
010100011100100
100000001100101
110000010101100
010000000001010
000100011100001
000100011101110
010100011100100
010000010100000
000100001110111
100000001100101
010100001110010
100000001100101
010000010100000
000000001101001
000100011101110
110000011110110
100000001100101
000100011101110
100100001110100
100000001100101
010100011100100
010000010100000
100100011100010
110000011111001
010000010100000
000100011010010
000000001101001
010000001100011
110100011101000
000100011100001
010100001110010
010100011100100
010000010100000
100100001001000
000100011100001
100100011101101
100100011101101
000000001101001
000100011101110
110100011100111
010000010100000
000000001101001
000100011101110
010000010100000
010100010110001
010000000111001
110000000110101
100000000110000
100100000101110
010000010100000
100100001001000
000100011100001
100100011101101
100100011101101
000000001101001
000100011101110
110100011100111
010000010100000
010000001100011
110000001101111
010100011100100
100000001100101
100000011110011
010000010100000
010000001100011
000100011100001
000100011101110
010000010100000
010100011100100
100000001100101
100100001110100
100000001100101
010000001100011
100100001110100
010000010100000
010000011110101
000000011110000
010000010100000
100100001110100
110000001101111
010000010100000
100100001110100
000100001110111
110000001101111
000100000101101
100100011100010
000000001101001
100100001110100
010000010100000
100000001100101
010100001110010
010100001110010
110000001101111
010100001110010
100000011110011
010000010100000
110000001101111
010100001110010
010000010100000
010000001100011
110000001101111
010100001110010
010100001110010
100000001100101
010000001100011
100100001110100
010000010100000
110000001101111
000100011101110
100000001100101
000100000101101
100100011100010
000000001101001
100100001110100
010000010100000
100000001100101
010100001110010
010100001110010
110000001101111
010100001110010
100000011110011
010000000001010
000100001110111
000000001101001
100100001110100
110100011101000
110000001101111
010000011110101
100100001110100
010000010100000
010100011100100
100000001100101
100100001110100
100000001100101
010000001100011
100100001110100
000000001101001
110000001101111
000100011101110
010000010100000
110000001101111
000000001100110
010000010100000
010000011110101
000100011101110
010000001100011
110000001101111
010100001110010
010100001110010
100000001100101
010000001100011
100100001110100
100000001100101
010100011100100
010000010100000
100000001100101
010100001110010
010100001110010
110000001101111
010100001110010
100000011110011
100100000101110
010000010100000
110100001000010
110000011111001
010000010100000
010000001100011
110000001101111
000100011101110
100100001110100
010100001110010
000100011100001
100000011110011
100100001110100
110000010101100
010000010100000
100100001110100
110100011101000
100000001100101
010000010100000
100000011110011
000000001101001
100100011101101
000000011110000
010000001101100
100000001100101
010000010100000
000000011110000
000100011100001
010100001110010
000000001101001
100100001110100
110000011111001
010000010100000
010000001100011
110000001101111
010100011100100
100000001100101
010000010100000
010000001100011
000100011100001
000100011101110
000100011101110
110000001101111
100100001110100
010000010100000
010000001100011
110000001101111
010100001110010
010100001110010
100000001100101
010000001100011
100100001110100
010000010100000
100000001100101
010100001110010
010100001110010
110000001101111
010100001110010
100000011110011
110000010101100
010000010100000
000100011100001
000100011101110
010100011100100
010000010100000
010000001100011
000100011100001
000100011101110
010000010100000
010100011100100
100000001100101
100100001110100
100000001100101
010000001100011
100100001110100
010000010100000
110000001101111
000100011101110
010000001101100
110000011111001
010000000001010
000100011100001
000100011101110
010000010100000
110000001101111
010100011100100
010100011100100
010000010100000
000100011101110
010000011110101
100100011101101
100100011100010
100000001100101
010100001110010
010000010100000
110000001101111
000000001100110
010000010100000
100100011100010
000000001101001
100100001110100
100000011110011
010000010100000
000000001101001
000100011101110
010000010100000
100000001100101
010100001110010
010100001110010
110000001101111
010100001110010
100100000101110
010000010100000
100100001001000
000100011100001
100100011101101
100100011101101
000000001101001
000100011101110
110100011100111
010000010100000
010000001100011
110000001101111
010100011100100
100000001100101
100000011110011
010000010100000
000100011100001
010100001110010
100000001100101
010000010100000
000000011110000
100000001100101
010100001110010
000000001100110
100000001100101
010000001100011
100100001110100
010000010100000
010000001100011
110000001101111
010100011100100
100000001100101
100000011110011
110000010101100
010000010100000
100100001110100
110100011101000
000100011100001
100100001110100
010000010100000
000000001101001
100000011110011
110000010101100
010000010100000
100100001110100
110100011101000
100000001100101
110000011111001
010000010100000
000100011100001
010000001100011
110100011101000
000000001101001
100000001100101
110000011110110
100000001100101
010000010100000
100100001110100
110100011101000
100000001100101
010000010100000
110100011101000
000000001101001
110100011100111
110100011101000
100000001100101
100000011110011
100100001110100
010000010100000
000000011110000
110000001101111
100000011110011
100000011110011
000000001101001
100100011100010
010000001101100
100000001100101
010000010100000
010100001110010
000100011100001
100100001110100
100000001100101
010000010100000
000000001100110
110000001101111
010100001110010
010000000001010
010000001100011
110000001101111
010100011100100
100000001100101
100000011110011
010000010100000
000100001110111
000000001101001
100100001110100
110100011101000
010000010100000
100100001110100
110100011101000
100000001100101
000000001101001
010100001110010
010000010100000
100100011100010
010000001101100
110000001101111
010000001100011
010100011101011
010000010100000
010000001101100
100000001100101
000100011101110
110100011100111
100100001110100
110100011101000
010000010100000
000100011100001
000100011101110
010100011100100
010000010100000
100100011101101
000000001101001
000100011101110
000000001101001
100100011101101
010000011110101
100100011101101
010000010100000
010100011100100
000000001101001
100000011110011
100100001110100
000100011100001
000100011101110
010000001100011
100000001100101
010000010100000
110000001101111
000000001100110
010000010100000
100100001110100
110100011101000
010100001110010
100000001100101
100000001100101
100100000101110
110100011011011
010100010110001
000100011011101
